0100000000000000000000
1010100000000000000000
0101000000000000000000
0010000100000000000000
0100010000000000000000
0000101010000000000000
0000010000000000000000
0001000001000000000000
0000010000001000000000
0000000100000000000000
0000000000010000000000
0000000000101010000000
0000000010010100000000
0000000000001000100000
0000000000010001001000
0000000000000010000100
0000000000000100010010
0000000000000000100001
0000000000000010000000
0000000000000001000000
0000000000000000100000
0000000000000000010000

